0.001994609832763672
0.003988742828369141
0.03269767761230469
0.03469276428222656
0.03668689727783203
0.05862855911254883
0.060620784759521484
0.06261754035949707
0.09232616424560547
0.09431743621826172
0.09631609916687012
0.13022661209106445
0.20256423950195312
0.23248505592346191
0.23447656631469727
0.23647427558898926
0.2594139575958252
0.2733750343322754
0.27536821365356445
0.3042924404144287
0.3062872886657715
0.30828261375427246
0.34119415283203125
0.3431880474090576
0.3451828956604004
0.39106106758117676
0.8168840408325195
0.9211223125457764
0.9231181144714355
0.925147533416748
0.9610512256622314
0.9630448818206787
0.9650402069091797
0.9660348892211914
1.7799255847930908
1.7809579372406006
0.0
0.0
0.0009963512420654297
0.0009963512420654297
0.0009963512420654297
0.0009963512420654297
0.0009963512420654297
0.0009963512420654297
0.0009963512420654297
0.0009963512420654297
0.0009963512420654297
0.0009963512420654297
0.0009963512420654297
0.0009963512420654297
0.0009963512420654297
0.0009963512420654297
0.0009963512420654297
0.001959562301635742
0.001959562301635742
0.001959562301635742
0.001959562301635742
0.001959562301635742
0.001959562301635742
0.001959562301635742
0.001959562301635742
0.001959562301635742
0.001959562301635742
0.009974002838134766
0.009974002838134766
0.009974002838134766
0.009974002838134766
0.009974002838134766
0.009974002838134766
0.009974002838134766
0.009974002838134766
0.01196908950805664
0.3329336643218994
0.3329336643218994
0.9359071254730225
0.9359071254730225
0.9359071254730225
0.9359071254730225
0.9359071254730225
0.9359071254730225
0.9359071254730225
0.9359071254730225
0.9359071254730225
0.9359071254730225
2.3278870582580566
2.3278870582580566
2.328887939453125
2.328887939453125
2.328887939453125
0.0
0.0
0.0
0.0
0.0
0.0
0.0
0.0
0.0
0.0
0.0019931793212890625
0.0019931793212890625
0.0019931793212890625
0.0019931793212890625
0.0019931793212890625
0.0019931793212890625
0.0019931793212890625
0.0019931793212890625
0.0019931793212890625
0.0019931793212890625
0.0019931793212890625
0.0019931793212890625
0.0019931793212890625
0.0019931793212890625
0.0019931793212890625
0.002992391586303711
0.002992391586303711
0.002992391586303711
0.026966571807861328
0.026966571807861328
0.026966571807861328
0.026966571807861328
0.13799762725830078
0.1599733829498291
0.23716092109680176
0.3830876350402832
0.3830876350402832
0.3830876350402832
0.3830876350402832
0.3840522766113281
0.3840522766113281
0.3840522766113281
0.3840522766113281
0.3840522766113281
0.3840522766113281
0.4040343761444092
0.4040343761444092
0.4040343761444092
0.4040343761444092
0.4040343761444092
2.9940547943115234
2.9940547943115234
3.0410516262054443
0.0010001659393310547
0.011100053787231445
0.012101888656616211
0.013098955154418945
0.014096260070800781
0.015093326568603516
0.03204679489135742
0.033028364181518555
0.0340418815612793
0.0450131893157959
0.0450131893157959
0.04700613021850586
0.0480036735534668
0.0489964485168457
0.04999804496765137
0.05099630355834961
0.05794191360473633
0.058940887451171875
0.05993533134460449
0.060968637466430664
0.07499170303344727
0.0759890079498291
0.07698512077331543
0.07798266410827637
0.07898211479187012
0.07998299598693848
0.09012055397033691
0.09111738204956055
0.09211516380310059
0.09311175346374512
0.09410881996154785
0.10009098052978516
0.1010899543762207
0.31735658645629883
0.3183555603027344
0.7512402534484863
0.7522356510162354
0.753232479095459
0.7542300224304199
0.7551934719085693
0.7621762752532959
0.7641699314117432
0.7652003765106201
0.766200065612793
0.7841501235961914
0.7881062030792236
0.7951231002807617
0.7961206436157227
0.7971179485321045
0.7981150150299072
0.7991111278533936
0.8001036643981934
4.7590038776397705
0.002027750015258789
0.0030260086059570312
0.010223865509033203
0.01221919059753418
0.01421356201171875
0.021146774291992188
0.023190021514892578
0.02518439292907715
0.027176618576049805
0.029174327850341797
0.031132221221923828
0.03815007209777832
0.040145158767700195
0.04213666915893555
0.04812359809875488
0.050118446350097656
0.05207705497741699
0.06108903884887695
0.06308317184448242
0.06507682800292969
0.10018610954284668
0.10214471817016602
0.1101534366607666
0.1121213436126709
0.11414813995361328
0.12111401557922363
0.12308692932128906
0.13106536865234375
0.13808202743530273
0.20107126235961914
0.2030653953552246
0.20506024360656738
0.2140364646911621
0.21599483489990234
0.5752720832824707
1.2013311386108398
1.2032890319824219
1.215294361114502
1.2172889709472656
4.7973268032073975
4.798320055007935
4.84021258354187
4.842172861099243
4.844165563583374
4.845197677612305
4.866107940673828
4.868103504180908
4.8701324462890625
4.914226770401001
4.916221618652344
4.940122604370117
4.942113637924194
4.944146633148193
